
           Duração  Pontos  Processos
0  00:00:00.174984   10000          1
1  00:00:00.173860   10000          2
2  00:00:00.348566   20000          1
3  00:00:00.350775   20000          2
4  00:00:00.609129   30000          1
5  00:00:00.583723   30000          2
6  00:00:00.691067   40000          1
7  00:00:00.696771   40000          2
8  00:00:00.872551   50000          1
9  00:00:00.870026   50000          2
10 00:00:01.214759   60000          1
11 00:00:01.184097   60000          2
12 00:00:01.162657   70000          1
13 00:00:01.185377   70000          2
14 00:00:01.339733   80000          1
15 00:00:01.363347   80000          2
16 00:00:01.827316   90000          1
17 00:00:01.798357   90000          2
18 00:00:01.683681  100000          1
19 00:00:01.718369  100000          2
