           Duração  Pontos  Processos
0  00:00:00.166562   10000          1
1  00:00:00.172863   10000          2
2  00:00:00.337173   20000          1
3  00:00:00.349354   20000          2
4  00:00:00.504367   30000          1
5  00:00:00.428224   30000          2
6  00:00:00.664816   40000          1
7  00:00:00.633970   40000          2
8  00:00:00.830648   50000          1
9  00:00:00.769118   50000          2
10 00:00:00.991011   60000          1
11 00:00:00.905162   60000          2
12 00:00:01.157670   70000          1
13 00:00:01.153216   70000          2
14 00:00:01.322101   80000          1
15 00:00:01.254865   80000          2
16 00:00:01.487007   90000          1
17 00:00:01.369676   90000          2
18 00:00:01.646694  100000          1
19 00:00:01.425298  100000          2