           Duração   Pontos  Processos
0  00:00:05.767130   100000          1
1  00:00:04.757703   100000          2

2  00:00:11.018887   200000          1
3  00:00:03.868501   200000          2

4  00:00:07.412241   300000          1
5  00:00:03.903411   300000          2

6  00:00:06.617561   400000          1
7  00:00:05.100852   400000          2

8  00:00:08.191873   500000          1
9  00:00:06.339315   500000          2

10 00:00:09.836658   600000          1
11 00:00:07.631589   600000          2

12 00:00:11.457656   700000          1
13 00:00:08.864876   700000          2

14 00:00:13.110246   800000          1
15 00:00:10.151957   800000          2

16 00:00:14.748280   900000          1
17 00:00:11.465099   900000          2

18 00:00:16.474197  1000000          1
19 00:00:12.736529  1000000          2
