           Duração  Pontos  Processos
0  00:00:00.210190   10000          1
1  00:00:00.201017   10000          2
2  00:00:00.338540   20000          1
3  00:00:00.344361   20000          2
4  00:00:00.531467   30000          1
5  00:00:00.515633   30000          2
6  00:00:00.827220   40000          1
7  00:00:00.790054   40000          2
8  00:00:00.848980   50000          1
9  00:00:00.848610   50000          2
10 00:00:01.022684   60000          1
11 00:00:01.015513   60000          2
12 00:00:01.447737   70000          1
13 00:00:01.387387   70000          2
14 00:00:01.349792   80000          1
15 00:00:01.348437   80000          2
16 00:00:01.533513   90000          1
17 00:00:01.533796   90000          2
18 00:00:01.703310  100000          1
19 00:00:01.702883  100000          2