           Duração  Pontos  Processos
0  00:00:00.161401   10000          1
1  00:00:00.127950   10000          2
2  00:00:00.330887   20000          1
3  00:00:00.254612   20000          2

4  00:00:00.488050   30000          1
5  00:00:00.383572   30000          2

6  00:00:00.649675   40000          1
7  00:00:00.512550   40000          2

8  00:00:00.814242   50000          1
9  00:00:00.639565   50000          2

10 00:00:00.973064   60000          1
11 00:00:00.767527   60000          2

12 00:00:01.133619   70000          1
13 00:00:00.892530   70000          2

14 00:00:01.295028   80000          1
15 00:00:01.020275   80000          2

16 00:00:01.454488   90000          1
17 00:00:01.149146   90000          2

18 00:00:01.616465  100000          1
19 00:00:01.274539  100000          2