           Duração  Pontos  Processos
0  00:00:00.167363   10000          1
1  00:00:00.169314   10000          2
2  00:00:00.333864   20000          1
3  00:00:00.339058   20000          2
4  00:00:00.617047   30000          1
5  00:00:00.596644   30000          2
6  00:00:00.809449   40000          1
7  00:00:00.789568   40000          2
8  00:00:00.822854   50000          1
9  00:00:00.826987   50000          2
10 00:00:00.986784   60000          1
11 00:00:00.994222   60000          2
12 00:00:01.434901   70000          1
13 00:00:01.391620   70000          2
14 00:00:01.322517   80000          1
15 00:00:01.326169   80000          2
16 00:00:01.487665   90000          1
17 00:00:01.499942   90000          2
18 00:00:01.656209  100000          1
19 00:00:01.675897  100000          2