           Duração  Pontos  Processos
0  00:00:00.205474   10000          1
1  00:00:00.142475   10000          2
2  00:00:00.409067   20000          1
3  00:00:00.322000   20000          2
4  00:00:00.493848   30000          1
5  00:00:00.387606   30000          2
6  00:00:00.659307   40000          1
7  00:00:00.518158   40000          2
8  00:00:01.023312   50000          1
9  00:00:00.657411   50000          2
10 00:00:00.976780   60000          1
11 00:00:00.769016   60000          2
12 00:00:01.145247   70000          1
13 00:00:00.902799   70000          2
14 00:00:01.306912   80000          1
15 00:00:01.028104   80000          2
16 00:00:01.473915   90000          1
17 00:00:01.151800   90000          2
18 00:00:01.645252  100000          1
19 00:00:01.302656  100000          2