           Duração  Pontos  Processos
0  00:00:00.508892   10000          1
1  00:00:00.420280   10000          2
2  00:00:01.117563   20000          1
3  00:00:00.874344   20000          2
4  00:00:00.509863   30000          1
5  00:00:00.387696   30000          2
6  00:00:00.667370   40000          1
7  00:00:00.517352   40000          2
8  00:00:00.832320   50000          1
9  00:00:00.647437   50000          2
10 00:00:00.992130   60000          1
11 00:00:00.792560   60000          2
12 00:00:01.162382   70000          1
13 00:00:00.904044   70000          2
14 00:00:01.885916   80000          1
15 00:00:03.588268   80000          2
16 00:00:05.178413   90000          1
17 00:00:03.966334   90000          2
18 00:00:01.653275  100000          1
19 00:00:01.284114  100000          2